-2.947244660380948789e-02
-7.159411016831801478e-02
-1.059592847671692595e-01
-1.396910125340397046e-01
-1.620160179960631885e-01
-1.851811063989551309e-01
-2.080765045485822862e-01
-2.099718337938598078e-01
-2.079334265876310872e-01
-2.025601840464560377e-01
-1.929776548243553047e-01
-1.833302045927629464e-01
-1.729213657445345387e-01
-1.589712345964796603e-01
-1.459322853602974535e-01
-1.372987000637696520e-01
-1.256063071425292943e-01
-1.120850936153918731e-01
-1.013134675214393265e-01
-8.948171277871608265e-02
-8.121612264628724764e-02
-6.886431561665101730e-02
-6.240749547388096952e-02
-5.837885832222322602e-02
-6.505384627159832567e-02
-6.745619965564975118e-02
-6.930345063741527589e-02
-8.070569191764842554e-02
-9.121459648859542302e-02
-1.025719571741829927e-01
-1.150717822489394360e-01
-1.263081808074008050e-01
-1.408962468996617368e-01
-1.543112867977459168e-01
-1.627130603863524150e-01
-1.656637354490242964e-01
-1.709374341121092100e-01
-1.625707408584988189e-01
-1.506888925930638390e-01
-1.410901810596107975e-01
-1.280497513335979720e-01
-1.169395949808036406e-01
-1.035560656560166604e-01
-8.462366075263760834e-02
-6.571478787390283571e-02
-5.218185910104028435e-02
-3.802326877753903211e-02
-3.241723279996377993e-02
-3.394193436098058569e-02
-3.140784185433281861e-02
-4.094554593420796085e-02
-2.797275403404275718e-02
-2.539188322512453411e-02
-2.623414438055393649e-02
-8.395400538388053668e-03
7.691376844620734232e-04
1.016122903775240616e-02
7.956740435200448935e-03
4.353695312721228561e-03
2.435814308905159820e-03
-7.420141619027265101e-04
-4.217970611424870508e-03
-2.678485777333983187e-03
-4.720910197554661902e-03
-9.934835513145667818e-03
-7.241588850185554094e-03
-6.883173556612720567e-03
-8.126952355110295123e-04
1.410266123855574705e-02
2.833255933268175042e-02
3.583984247139559987e-02
4.761715344329575661e-02
7.194683823351155638e-02
5.056535811064477581e-02
3.607790504812280474e-02
2.374885077471888817e-02
1.349830800547513476e-02
3.622432776106010444e-02
6.664149762980198233e-02
7.540331756799556473e-02
1.081725526734435006e-01
1.409452733027856119e-01
1.663367943720264197e-01
2.272939826679712949e-01
2.384907445154295091e-01
2.678277129316254390e-01
3.217719272917155537e-01
2.776818687754387671e-01
2.121084141058682260e-01
1.708703183331832243e-01
1.329067935924397315e-01
1.016322202077659664e-01
8.240187700649492797e-02
8.302169957189087235e-02
1.018669949980712808e-01
1.135487151923243454e-01
1.289147276496719341e-01
9.651264375806922757e-02
7.076912147871750047e-02
4.903787385276636712e-02
2.535282211648737238e-02
6.458575008463141032e-03
-1.164512575594467414e-02
-3.064811603484218772e-02
-5.050105168672747169e-02
-7.072611098458780887e-02
-8.622660581224406151e-02
-6.799819051229200051e-02
-4.939594357056342755e-02
-2.718683768379620558e-02
-6.895392972797620423e-03
1.874189951269888965e-02
3.745661110856146614e-02
2.393750300020547339e-02
8.724463068554566547e-03
-6.975884670329557391e-03
-2.329693784810843438e-02
-2.330155831657981791e-02
-2.457445584026851648e-02
-2.847629343972474247e-02
-3.346445263970188044e-02
-4.524395201906422637e-02
-5.678526631060515362e-02
-4.781792509202609232e-02
-3.955715101306062076e-02
-2.666394687762035920e-02
-2.046457329170808803e-02
-2.704372249180853061e-02
-3.044165292897182962e-02
-3.479263093300277720e-02
-3.982001897669867896e-02
-4.710803250943002007e-02
-4.975128456290461854e-02
-3.254220381344996582e-02
-1.729652922679719707e-02
-1.121682553861191867e-03
1.851931716770160996e-02
4.781896878181857158e-02
5.700042945140326722e-02
1.266321525861446862e-01
1.692118741006867211e-01
2.497976447889087570e-01
2.865468116129959997e-01
2.669034071601903424e-01
2.511218015695666494e-01
2.354488093046515074e-01
2.187893993257000735e-01
1.380865780169366897e-01
7.744594540384552861e-02
4.929389829566077630e-02
1.874023267265045867e-02
-1.049651743919016722e-02
-3.199980975815619466e-02
-6.117457993258745841e-02
-8.332026458996505403e-02
-1.055323005747312304e-01
-1.270546755427252039e-01
-1.574658963767370246e-01
-1.858631637202508013e-01
-2.187505681192505880e-01
-2.492538867145304149e-01
-2.757505744026099159e-01
-2.883506992601375662e-01
-2.812466558372940240e-01
-2.796556739069061548e-01
-2.712513649133302396e-01
-2.635186449688015076e-01
-2.496555300195149596e-01
-2.316975292184966229e-01
-2.110274022484049938e-01
-1.874389853523632521e-01
-1.672384075596561881e-01
-1.540535647100861327e-01
-1.016330959343728635e-01
-4.472346855504211183e-02
1.442055785719342786e-02
1.632964143740505136e-01
3.048938328600636627e-01
4.013863571425227983e-01
1.162670060952963880e+00
1.460865900799463768e+00
1.778939777725674132e+00
2.719066701979183875e+00
1.052318165747290202e+00
1.731335442881743347e+00
9.295941477048212942e-01
8.576902386698137537e-01
7.311093833464570313e-01
6.505845627624045058e-01
5.861964333753360012e-01
4.958585066094699512e-01
4.927333637206801065e-01
4.602621096126371381e-01
3.874985787700191420e-01
3.306905422401736905e-01
2.603116747727778346e-01
1.799483820211746909e-01
1.519947325828656659e-01
1.265031932546810678e-01
1.095299409050349837e-01
8.451749414752807166e-02
5.899890668711160746e-02
3.469427038707073585e-02
3.548036121299114054e-02
2.607551471700009227e-02
2.525402952356969877e-02
2.739163299943403462e-02
1.330125282443062051e-02
4.600404304579974735e-04
-1.121397927038852993e-02
-1.914486359645289903e-02
-3.538194977453401613e-02
-4.450246506499849763e-02
-7.004102552521479508e-02
-9.466172549094187261e-02
-1.155333728642827240e-01
-1.309608870942349235e-01
-1.438929985085465879e-01
-1.599996744026621065e-01
-1.707792151278495485e-01
-1.774225410935669212e-01
-1.863709881500734689e-01
-1.926496224123028234e-01
-1.853302131327996816e-01
-1.780356851552957198e-01
-1.759974369701534647e-01
-1.728723893022028335e-01
-1.651130123729164234e-01
-1.560297818336429665e-01
-1.499113479596995147e-01
-1.484708261933382345e-01
-1.400330767768558360e-01
-1.366196635720994257e-01
-1.191866638663854894e-01
-9.710627742727873102e-02
-7.527055398278048592e-02
-5.795151041361901179e-02
-4.943999732405934822e-02
-4.657940966464035881e-02
-2.995524404545746311e-02
-2.460236940541749018e-02
-1.840154651960579368e-02
6.557384046536718358e-03
2.813187617207313362e-02
4.739519571804939879e-02
6.078092764921760871e-02
1.020418384948862389e-01
1.702478069206495581e-01
2.317839622458999216e-01
2.721048453795866795e-01
3.692197381124948663e-01
4.595371672187560375e-01
9.287469536293051497e-01
4.091769949077094237e-01
3.514793266507719727e-01
2.850798495308665137e-01
2.184764433690379315e-01
1.976177474540991019e-01
1.148204421355463190e-01
6.863895392949237451e-02
3.060562362759378097e-02
1.646473338568488209e-03
-5.212627544262615764e-02
-8.496427607103634871e-02
-1.218725460039975506e-01
-1.594176813585934660e-01
-2.177483417527542042e-01
-2.130968748461408713e-01
-2.311503790188239593e-01
-2.456382956753755953e-01
-2.640904349824815256e-01
-2.802753458041006285e-01
-2.842826118593198004e-01
-2.775063768111379336e-01
-2.695417859294372831e-01
-2.612788855328656012e-01
-2.522424916935533390e-01
-2.254271244620594250e-01
-1.956025873602208476e-01
-1.966879394951935867e-01
-1.737962150158516850e-01
-1.318085745907626172e-01
-1.096614470544157172e-01
-8.077870732059960757e-02
-5.644216624989462083e-02
-3.031879826541311607e-02
-3.180383239152484443e-03
-4.188320255592903330e-03
5.736668664701793929e-03
1.503152683847353011e-02
2.581878881927457403e-02
3.486964898663202916e-02
4.224012964689727312e-02
4.290209631372832177e-02
4.727861594346549623e-02
4.502796409482689999e-02
4.353638396193704185e-02
4.728682294232733341e-02
4.987698212678548515e-02
7.377987282156128757e-02
8.058025189781825581e-02
8.731022652256492655e-02
1.047241236100208139e-01
1.055713860673801463e-01
1.153058610777386583e-01
1.203127493790205893e-01
1.237295405965395112e-01
1.147777878899718385e-01
1.447328393864033558e-01
1.249943306037751833e-01
9.525653063150363309e-02
6.998905861332171963e-02
5.598092763891471257e-02
3.507693390332589090e-02
2.173372851810917439e-02
1.433128781576198385e-02
1.100595483968536126e-02
-8.189737658822471289e-04
6.512475342163925873e-03
2.650339123652090123e-04
-7.206982216217405757e-03
-2.166255491511809295e-02
-2.415154615789288917e-02
-3.031527342033413230e-02
-3.670958136887575440e-02
-4.162536938704913814e-02
-4.325286651007942407e-02
-5.040320508281359579e-02
-6.348255831445187569e-02
-6.413904085365218499e-02
-5.062917561926605359e-02
-4.923603667444342857e-02
-2.921300703944762489e-02
-1.923893128122050600e-02
-9.350968879706600401e-03
-7.044933648720941299e-03
-1.306245340975537017e-02
-1.988521361316741842e-02
-2.983678993891192288e-02
-4.010086983230581881e-02
-5.050971164461781626e-02
-5.282959032971856761e-02
-5.271264433686406736e-02
-6.181716141314996804e-02
-5.105812874613491203e-02
-5.049428864742461220e-02
-5.263564743923132561e-02
-3.502075218235467524e-02
-2.897953246441703490e-02
-6.872562264282067179e-03
2.047470453561062165e-02
2.496281371934516713e-02
3.098474198241008004e-02
3.307533453626398945e-02
3.578827358788894131e-02
3.781617327962727426e-02
7.478539570638531586e-02
6.658081266677617904e-02
7.885156477883270565e-02
5.949131460215595357e-02
5.829955342725401390e-02
5.320596030555968525e-02
4.248590025696730166e-02
5.420102530250892059e-02
5.514301787494269025e-02
6.459072887340788771e-02
6.948876019513661184e-02
5.717523232136167977e-02
4.597202591224192059e-02
5.266529473189129895e-02
4.554375591319104188e-02
5.138922912273347077e-02
4.019474098070996426e-02
7.027452178775239755e-02
1.410432654075087777e-01
1.366857147563015351e-01
1.883934386585521814e-01
2.182320682467721040e-01
2.477617875587191376e-01
3.151934570017800308e-01
3.150639814602125277e-01
3.408312586264992117e-01
3.644492779882437805e-01
3.108745761589373213e-01
3.001192938307875036e-01
2.456898336126843718e-01
2.085464329157387109e-01
1.050587844290895578e-01
5.420177835489703444e-02
1.874494830474737750e-02
6.895760354559521410e-03
5.743575400818934362e-03
1.030795534816819625e-02
8.704892231320648932e-03
-2.350345657337049587e-04
7.538095612371731313e-03
7.271350941680632118e-03
-6.067440115440803083e-03
-2.132671055270979332e-02
-2.107668282317565200e-02
-2.851718142551346036e-02
-3.009926347618224751e-02
-3.634887507201023382e-02
-4.130443853514376151e-02
-4.741644689471102847e-02
-5.444590932952853013e-02
-5.785835849624570981e-02
-5.409704762419270674e-02
-4.225992866282668459e-02
-3.359180091760011200e-02
-3.864005260909797457e-02
-4.791135771264404264e-02
-5.873300670554948422e-02
-7.907160016703829175e-02
-9.690500014347225299e-02
-1.139934630301936980e-01
-1.314881699030520101e-01
-1.507885983184991674e-01
-1.643281434786347805e-01
-1.800511973191800119e-01
-1.785547690235694818e-01
-1.802264454687346751e-01
-1.782027354706289257e-01
-1.657903438538781971e-01
-1.512373875317407079e-01
-1.357766245898510693e-01
-1.200433293045452543e-01
-9.777122213756939129e-02
-8.150520033187785840e-02
-6.080509013189888678e-02
-6.308839706863372809e-02
-5.257824681915529430e-02
-3.322204567483943993e-02
-1.337339927579028753e-02
4.049730555291009004e-03
2.583706357711501589e-02
4.154790921218454169e-02
8.476284881090168088e-02
1.512429649594332348e-01
1.981922408447318595e-01
2.111764228454273695e-01
5.990193670087575750e-01
2.519963270648639675e-01
2.562134821159516296e-01
2.459288305437892230e-01
2.285308281769717897e-01
1.933658523680034103e-01
1.566351272107845416e-01
1.231984600167406185e-01
8.116617392112090990e-02
5.275205871200427943e-02
3.990928159383300144e-02
2.392553732814928225e-02
4.618417876298686053e-04
-1.404148590586196121e-02
-2.776184340166243381e-02
-4.161323813669437488e-02
-6.143426319198386221e-02
-8.075134402380312881e-02
-9.876150280241108304e-02
-1.085576360797105844e-01
-1.221141940505158785e-01
-1.345034080803250709e-01
-1.382724273967345652e-01
-1.364664297367251256e-01
-1.337344523910841687e-01
-1.352481652803925183e-01
-1.207532720982582575e-01
-1.249978064377252895e-01
-9.705846289927094750e-02
-8.736356892416308195e-02
-8.044657875906341404e-02
-6.855947291097863605e-02
-4.543723149733303046e-02
-2.816994671185535370e-02
-4.825731281765277547e-03
2.323171980087157529e-02
7.189346694708309560e-02
1.620161823643682109e-01
2.252576775122098196e-01
2.653978883156712376e-01
3.169593342805969716e-01
3.613771462258694722e-01
3.868276451334664578e-01
3.986176802338445846e-01
4.013365266403627896e-01
4.308338639709946571e-01
3.597473534470245760e-01
3.039547150676851217e-01
2.691845964090840981e-01
2.258243240381472283e-01
2.294146712774608465e-01
1.955988793813374649e-01
1.355673574346973886e-01
9.047247444181238940e-02
5.585179187955258140e-02
2.294465033934289799e-02
-2.264629491340869327e-02
-5.751028264146723634e-02
-9.323378022364553486e-02
-1.249768861883606696e-01
-1.541589306599859266e-01
-1.800157576072962118e-01
-1.872751082302232528e-01
-1.940765635135679457e-01
-2.018818120347033451e-01
-2.109164432556155933e-01
-2.075720555873779571e-01
-2.060660834085489279e-01
-2.016912538616016937e-01
-1.906692014461007223e-01
-1.889855454466117246e-01
-1.819392354346740515e-01
-1.742261692112193061e-01
-1.687225416808347256e-01
-1.618028796274785241e-01
-1.510728210731725474e-01
-1.398840907329756411e-01
-1.368532237366587578e-01
-1.219810284468880179e-01
-1.116881872966795641e-01
-1.005473768782644828e-01
-8.923981684616610899e-02
-8.315652612567397961e-02
-7.481535635008496055e-02
-7.205282194450124411e-02
-6.271921330640206627e-02
-5.681932102857911726e-02
-4.868848685632748419e-02
-5.244125054686266107e-02
-5.515352747708757164e-02
-5.380545458816576865e-02
-5.502583820064221864e-02
-4.105006127932425697e-02
-2.468068007467638658e-02
-1.138115701609115904e-02
-2.189090627285783519e-03
2.097219411482631468e-02
4.738237209264606342e-02
7.068019802255598449e-02
7.382017280117958435e-02
1.003624012253063746e-01
9.647554220234033640e-02
1.072002229767905490e-01
1.152483594241052733e-01
1.194907677353695963e-01
9.842082165257781678e-02
7.327800070751422368e-02
5.536519793454108829e-02
4.706033761260952630e-02
3.880001621558770708e-02
2.593463279895991125e-02
1.998539837919932616e-02
3.889016138721945737e-03
-1.063177349746591283e-02
-2.362466110878380654e-02
-3.712208786850007547e-02
-6.229089362269579766e-02
-8.898478261288306213e-02
-1.049925973347726194e-01
-1.196687213301584896e-01
-1.327045120557770463e-01
-1.466683693928657606e-01
-1.525768501308252811e-01
-1.568906386118932295e-01
-1.642966233894167516e-01
-1.687875265175769468e-01
-1.572832346122899350e-01
-1.459165653239937743e-01
-1.404328759407478810e-01
-1.362992910385238399e-01
-1.272205189886125298e-01
-1.228270558819881675e-01
-1.116521608582863312e-01
-1.022048188894107978e-01
-9.470457640416196643e-02
-8.446006256286142655e-02
-6.605512110026218187e-02
-4.443766391327241827e-02
-2.496287189399104545e-02
-5.469708144204443734e-03
9.657384020846149220e-03
3.436213632245976868e-02
4.719534986694595702e-02
5.914566568057999518e-02
7.514902241997467591e-02
9.688476991318806242e-02
9.286508781812485847e-02
8.473517061703117470e-02
8.540071594607956396e-02
7.714866740535142320e-02
6.355350762956024635e-02
5.760783523926993333e-02
5.249216712723847600e-02
4.791083043470867331e-02
4.386529997814703208e-02
3.698806922871655800e-02
2.867687780189642766e-02
1.629531573591891380e-02
1.343143486912190543e-02
9.846030835126473590e-03
6.595998401079938844e-03
6.124098358808338638e-03
9.089104491384780715e-03
1.467444647990223672e-02
1.736823228808193065e-02
2.062571064706752999e-02
3.934913467565703815e-02
5.827305161327644978e-02
8.176835604382959310e-02
7.713606013890950130e-02
1.258200083393823387e-01
1.401206330479700668e-01
1.489774615629861909e-01
1.444389153452600993e-01
1.624020415318678801e-01
2.044100123345395925e-01
2.131516634063117532e-01
2.187527082782074750e-01
1.942067424531519482e-01
2.093392344893332258e-01
2.028843503190195241e-01
1.898705521316286227e-01
1.393730327633653232e-01
7.746747284040989001e-02
5.684243175101566514e-02
3.021548827500430967e-02
-2.364146946991496634e-03
-1.531685542224248131e-02
-3.239586963057677904e-02
-3.890480322799033663e-02
-3.725331600746711880e-02
-4.136657500886342653e-02
-4.604176902219436762e-02
-5.222193142565417778e-02
-5.331371865812800648e-02
-5.942664355684773581e-02
-6.260221291692535939e-02
-7.084702705126777467e-02
-7.673241983791867504e-02
-8.272658096407536910e-02
-8.714963064982073071e-02
-9.115598005291414285e-02
-9.200816770462122429e-02
-9.131942926200514732e-02
-8.461147877298763609e-02
-7.974593297934512437e-02
-6.941878268431350696e-02
-6.837631254169690420e-02
-6.757720341557349464e-02
-6.926164215404029267e-02
-6.854007994968192019e-02
-7.218281919406194236e-02
-7.056277738564659119e-02
-6.463271730528163950e-02
-6.797761141518854355e-02
-6.939953713764857035e-02
-8.113494480623828498e-02
-8.949160546114698356e-02
-9.793292941832532073e-02
-1.064326913777057237e-01
-1.129998806067799566e-01
-1.181295636228361645e-01
-1.230753826066963152e-01
-1.313828006918832947e-01
-1.412684137486471814e-01
-1.469284162806168137e-01
-1.433041767675776179e-01
-1.360887753768894592e-01
-1.362934834767253189e-01
-1.291278120902546456e-01
-1.262785880577245168e-01
-1.221145004460956751e-01
-1.254084337297802221e-01
-1.319835735651925801e-01
-1.290330054757131140e-01
-1.311636201888289888e-01
-1.064986633799523963e-01
-7.959386201720802800e-02
-5.988173535712471018e-02
-2.046857528018924954e-02
7.909907067926713609e-03
3.489538523935920011e-02
6.892036669802992233e-02
1.064920638237393247e-01
1.603949186713218289e-01
1.785996239065010815e-01
2.080405556776425691e-01
1.758749373319092868e-01
1.554918392016007012e-01
1.492720780914147394e-01
1.377219156860542970e-01
1.267563533446227630e-01
1.128805714289715656e-01
1.003582657108130771e-01
8.488586726336477817e-02
8.101833247630119139e-02
4.622202398428698622e-02
3.661067756742064638e-02
1.916006389817126454e-02
1.896199853611779673e-03
-8.795317768228172461e-03
-1.731662385710985852e-02
-2.544197644134810199e-02
-3.041379488173834300e-02
-3.787725595934093858e-02
-3.895134265316041455e-02
-4.040053992999131927e-02
-2.439169037307065135e-03
1.188493810146529217e-02
2.709152729140151816e-02
3.649021343026215281e-02
4.964987566980050282e-02
7.432356729963818243e-02
8.922504787917429070e-02
1.074207272161324944e-01
1.466626653118772161e-01
1.308247064681331562e-01
1.199313226366569562e-01
1.210230203634556911e-01
8.854093949901709060e-02
8.211624421594421186e-02
5.843527634028511386e-02
2.990359065073100453e-02
2.843162404309707014e-03
-1.681950271417959053e-02
-5.090045144556248902e-02
-4.549392748464775593e-02
-5.857063819689456441e-02
-6.869287510866411983e-02
-7.635966831628665519e-02
-8.222229889095394872e-02
-8.730626790707396445e-02
-9.156905623965982954e-02
-9.148614888029582559e-02
-8.953615994280061940e-02
-8.903937278206386363e-02
-8.950500556121371298e-02
-9.312355984987263913e-02
-9.615005896863854096e-02
-9.834589950765332267e-02
-9.614210448654703089e-02
-8.908816604901831360e-02
-8.273771185194722655e-02
-7.846657340916307621e-02
-7.667053712361532325e-02
-7.429050140398024693e-02
-7.480408401351923420e-02
-6.389422498507713044e-02
-5.675607661728837572e-02
-5.057612834899494203e-02
-5.110071791900527849e-02
-5.391015857848113768e-02
-6.478658645379953285e-02
-7.664195739674717345e-02
-8.608224074070403020e-02
-9.656954566819997421e-02
-9.417834783212375438e-02
-9.284363881067653201e-02
-9.165075152105228717e-02
-9.191361111859031041e-02
-9.246473944854405325e-02
-9.647771039129587889e-02
-9.327317648569444231e-02
-8.960751072043809939e-02
-8.610098409347827220e-02
-8.226051834370651239e-02
-8.773500554231072890e-02
-9.499996487681583446e-02
-1.001859286142403049e-01
-1.044193103484688523e-01
-1.074370418197004851e-01
-1.063342376832812075e-01
-1.031219623245593353e-01
-9.649719394924305416e-02
-9.324638845924831942e-02
-8.814696813724770541e-02
-8.482366488882264743e-02
-8.140227662367827133e-02
-7.735929649016104470e-02
-7.392276977124240256e-02
-7.061573733055315216e-02
-6.769800018154753518e-02
-6.723805072192734489e-02
-6.537188609358246527e-02
-6.276401222298566562e-02
-5.734289296308947570e-02
-5.655298377348205729e-02
-5.473981085015733328e-02
-5.373950783151526522e-02
-5.263606472459425589e-02
-5.113955421223337350e-02
-5.151786634647825824e-02
-4.921081905072643981e-02
-5.165468952450269491e-02
-5.087212466560037116e-02
-5.242606565659602147e-02
-4.145158154388534077e-02
-3.029662792420589890e-02
-2.206112682498462263e-02
-8.952386230446807147e-03
3.377801490658027816e-03
1.576321018538662244e-02
2.725089203104591462e-02
3.894749907214445361e-02
5.262816635179790037e-02
5.993007034179920201e-02
7.079625865711258736e-02
7.971083302913850588e-02
8.753634796750475733e-02
9.051920698182991387e-02
9.582158962748632547e-02
1.211457318067408195e-01
1.318695029087839643e-01
1.712297200970969158e-01
1.724332541142558073e-01
1.281687040601988681e-01
1.159980590635937281e-01
9.737471706931211113e-02
6.855605563904421107e-02
5.343347390246744322e-02
3.057844964380151964e-02
1.138382760548695138e-02
-7.557380959162585121e-03
-2.590304618653610502e-02
-5.102606132908737990e-02
-6.221276169654077481e-02
-6.204376074413392450e-02
-6.472089451061191490e-02
-6.927754723297280259e-02
-7.409312263225253936e-02
-8.129420364507838892e-02
-9.077519995154992305e-02
-1.057012954916654035e-01
-1.209583423769269861e-01
-1.342374747281378511e-01
-1.483297134953432406e-01
-1.215036624471657611e-01
-9.248705558547093419e-02
-6.174775092393175457e-02
-2.764381476598276599e-02
6.003674949259352189e-03
4.176246328068744518e-02
8.358032928537917350e-02
1.422621778807215964e-01
2.065944663841983164e-01
2.812359876245792423e-01
2.522849116925650614e-01
2.473480579055026274e-01
2.529703920960862940e-01
2.470514896627362678e-01
2.444991826921466549e-01
2.805000448387220402e-01
3.389372923065069321e-01
3.943105433538675042e-01
5.409501021922311637e-01
6.297861558796045145e-01
6.031021442343056371e-01
5.184500071317929004e-01
4.853424734811976338e-01
4.668065374735336226e-01
4.351461981256197209e-01
3.890704054717377680e-01
2.550083997804852842e-01
1.638110228943787661e-01
8.469510854593287341e-02
4.718299355300759057e-02
6.327669031994642701e-02
8.288850996262420168e-02
8.521783860580256498e-02
9.392716580157611794e-02
8.947051326189869869e-02
6.907455641461712759e-02
2.119572912854139624e-02
-2.278865450329586873e-02
-6.410963643797917833e-02
-8.864099887866122573e-02
-1.137045291213533149e-01
-1.340541098727606184e-01
-1.546126451972755778e-01
-1.761610346025458407e-01
-1.977551528835739258e-01
-2.170156981897896076e-01
-2.078935633293799712e-01
-1.996286917856806009e-01
-1.896676995000970423e-01
-1.984771778464644032e-01
-2.057868576057492183e-01
-2.141014575274924336e-01
-2.188306372178554504e-01
-2.237943391358315770e-01
-2.250824615488446478e-01
-2.237183333089857173e-01
-2.153252647156894684e-01
-2.022809164311225594e-01
-1.899756075838597291e-01
-1.705755945951231145e-01
-1.444363357661579972e-01
-1.235741472136031582e-01
-1.009442980862189088e-01
-8.028704827608856842e-02
-6.032676222823157852e-02
-4.264664414067270704e-02
-4.824342023028116433e-02
-2.408999137132428192e-02
-1.618771516169570379e-02
-1.351923157585088742e-02
-9.325724992003514568e-03
-8.028552529760923928e-03
-3.993614052249683244e-03
1.665058688264942077e-03
9.207643003441345897e-03
1.234954888241857063e-02
1.686190963258815678e-02
2.586645097824791240e-02
3.236039917231370300e-02
2.444989647619932871e-02
2.124943571653359342e-02
1.977775317558250201e-02
1.604750923109765637e-02
1.788536570382071034e-02
2.190106456408957847e-02
2.373470230462393360e-02
3.011577181557933969e-02
2.692996234027489333e-02
2.596995360267784214e-02
4.524864423808372393e-02
4.343090219947154385e-02
5.234069505790239774e-02
4.430916656590433433e-02
3.735553537183067263e-02
2.919363259772311814e-02
2.734419993233405677e-02
3.202847158690058649e-02
4.543825807403356620e-02
5.487936779105306861e-02
6.825972129269075594e-02
8.554193662581843771e-02
9.875391399526800562e-02
9.399930240616782839e-02
1.231841618521757331e-01
1.128603138086200497e-01
1.100903835509190465e-01
1.077931278369063106e-01
1.016014058862405589e-01
7.920056985858192622e-02
5.789105651387271845e-02
4.852032609076151193e-02
3.996677937873405195e-02
3.558493096189829785e-02
4.925293698882338145e-02
6.899229936966433385e-02
7.749276789478132255e-02
7.856973307391090788e-02
7.190573123676913259e-02
7.114956782591930207e-02
7.736106762818906191e-02
8.223521689555435277e-02
8.453333597616485839e-02
8.497242511884761651e-02
8.296625262448564797e-02
6.458998812870930806e-02
5.846673716850969704e-02
6.827999797618700129e-02
6.059916503830931056e-02
6.688797389422362905e-02
6.830242564384736426e-02
9.211674097828403962e-02
1.339285176540939704e-01
1.167893258533907463e-01
9.335634631016986873e-02
7.875885696339668396e-02
6.652246556818797174e-02
5.727403468539793430e-02
5.905024691897553524e-02
4.745499342814485377e-02
2.414257119183416123e-02
1.001147442396266296e-02
-6.343555574803372288e-03
-1.715618003489982613e-02
-2.816974194828997247e-02
-3.796957445773846418e-02
-4.335138374950703311e-02
-6.167844008187967075e-02
-7.788982482014955577e-02
-8.539893168720241734e-02
-9.108356104819814725e-02
-1.012853183597677287e-01
-1.133876434830970448e-01
-1.213033319674517996e-01
-1.193582703861941763e-01
-1.170318370102828021e-01
-1.117922071465702327e-01
-1.339176052646616766e-01
-1.283318244329982871e-01
-1.389915333249862606e-01
-1.392935297103871095e-01
-1.352884281008646106e-01
-1.289002158246513874e-01
-1.255807730226720098e-01
-1.210206564317846123e-01
-1.238734307471577867e-01
-1.001847263969735113e-01
-7.929214633057701800e-02
-6.980047394709776309e-02
-4.457018367768139644e-02
-2.423467585099925437e-02
3.823880632095353338e-01
5.551574821013760541e-03
2.511483543915538075e-02
3.322462200589393344e-02
4.338652990029643330e-01
2.381468981898127169e-02
3.602521328018831737e-01
7.877398252610356977e-03
2.455410464921814473e-02
3.490030636917662576e-02
2.677407573545487196e-02
2.723082385314479215e-02
2.900993272065899298e-02
1.874599764624829135e-02
1.040437578207398239e-02
5.406623181055225658e-03
-3.576736546191394694e-04
-6.454050649788045657e-03
-2.809118052585080072e-02
-4.960333066965971760e-02
-5.834394553722777044e-02
-5.521093548867306300e-02
-7.712985283862183739e-02
-6.790398660527735553e-02
-6.812851443639444948e-02
-7.102337571018307871e-02
-5.965937088027101209e-02
-4.583558046303515265e-02
-4.447950677374101769e-02
-3.716151211004303789e-02
-1.719605319203987293e-02
-5.658237810285293712e-02
-9.152951945568982284e-02
-1.332662973737940848e-01
-1.789118870409914241e-01
-2.257935731226304865e-01
-2.837285466390101485e-01
-3.569842073233669422e-01
-4.175245887410892198e-01
-4.845847825278052357e-01
3.179290413680918581e-02
-5.807610682468411500e-01
-3.041342043310288346e-01
-2.461255216505667809e-01
1.119662972570294457e-01
-2.115191122585846628e-01
-5.680562761337469846e-01
-2.920182218458275414e-01
-6.015900099160276238e-01
-6.114748879083533595e-01
-5.997844184497074238e-01
-5.639975772433558632e-01
-5.112185855401788492e-01
-4.506647197618203760e-01
-3.413703503441553599e-01
-2.520845587789055653e-01
-1.696096631337095095e-01
1.001259150366536899e-01
2.446897926299582693e-01
4.301413617698103264e-01
5.992240671195443458e-01
6.043895743274646515e-01
5.935217939710193402e-01
5.796362780207112708e-01
5.400827423414319428e-01
5.520058643560515899e-01
5.298672587166067816e-01
5.166843292132843324e-01
5.107726880423280047e-01
5.094361233229124375e-01
4.716337927556560894e-01
4.890465176947949022e-01
3.960496392335762783e-01
3.898920144069462079e-01
3.325902879644423438e-01
2.752870779414420266e-01
2.265585770842646340e-01
1.771794306660725571e-01
1.276887745011250352e-01
8.398583322189445699e-02
4.688957253810521753e-02
4.005487865918433421e-02
4.544238786806920061e-02
4.948139299126941282e-02
5.692386307385832733e-02
8.124829585422621570e-02
1.181817929840172088e-01
1.473708434088716324e-01
1.518982957987320415e-01
1.656887695833334506e-01
2.141725847027280416e-01
2.373435844240101567e-01
1.771795975267591583e-01
1.516662528426948597e-01
1.208216115627331888e-01
6.800823387962362521e-02
3.527987025708401170e-02
3.343199224403070602e-03
-2.163793822207338291e-02
-5.373700945293036213e-02
-8.086977709945819548e-02
-1.013596549665397029e-01
-1.042263215665504283e-01
-1.064807054995001168e-01
-1.060648697656310091e-01
-1.207081118527426611e-01
-1.378558011474616540e-01
-1.522023853752222378e-01
-1.665289136890509836e-01
-1.823759354204250727e-01
-1.970622818047026992e-01
-2.147694936704944713e-01
-2.150648226694307219e-01
-2.180875485183660367e-01
-2.188064677687035497e-01
-2.107684156457598768e-01
-2.025459878603603769e-01
-1.965715951076826840e-01
-1.875719727377578305e-01
-1.745265186606619889e-01
-1.628593975081271683e-01
-1.407058988911403796e-01
-1.349885308614172108e-01
-1.311274843482641006e-01
-1.268007451165807931e-01
-1.082606287962690206e-01
-8.867805110561821635e-02
-5.497688744990802956e-02
-2.064254696953998769e-02
1.882602680726075395e-02
7.307619982282798077e-02
1.405122785821377729e-01
2.515218960608254228e-01
3.433634827184489646e-01
4.353535929918199709e-01
5.103063595680018549e-01
6.470443257416781391e-01
6.747174214485527344e-01
1.302847700563826594e+00
1.384216464621453646e+00
9.409381945130472769e-01
1.594261230618644110e+00
9.719980489664943324e-01
9.302034668524757910e-01
8.767856736866067591e-01
7.650849495500846587e-01
9.990804607412305804e-01
5.354097814690992330e-01
4.304140047544084968e-01
3.370970900609331355e-01
2.247779984262353592e-01
1.587223611245696109e-01
1.100398269685634034e-01
6.225856357955061871e-02
2.047679513005784546e-02
-1.824828274515033488e-02
-5.325205302509927741e-02
-7.742085216569072337e-02
-1.008655426843729774e-01
-1.142380788351711196e-01
-1.332064431380892700e-01
-1.497600623069015313e-01
-1.511838543894761799e-01
-1.535425718948889018e-01
-1.538777991599324935e-01
-1.468825639641103686e-01
-1.382544624996949190e-01
-1.255310986306351073e-01
-1.124203365239136443e-01
-9.808037839613797937e-02
-8.003134164777203630e-02
-6.262155039419969871e-02
-3.949748488567733640e-02
-1.407055558374770143e-02
1.873180296707621650e-02
4.211777779668524069e-02
7.118136469344704675e-02
9.077166033838246495e-02
1.122551869853991580e-01
1.318812064929417716e-01
1.733308730198407366e-01
1.854046097587309649e-01
1.865269324535416828e-01
1.771523565414736545e-01
2.845076664793083632e-01
1.624279767618960202e-01
1.425775538437034085e-01
8.372015431526702578e-02
5.108409940544444972e-02
9.337403811191702374e-02
-1.810982441282832367e-02
-4.959828862775389480e-02
-8.669623099697693069e-02
-1.259466524238387897e-01
-1.657740165596671700e-01
-2.039194437516018144e-01
-2.377829164377452953e-01
-2.510318757750956697e-01
-2.641206278337253632e-01
-2.714534465499812144e-01
-2.800075101571112279e-01
-2.930473290087342031e-01
-2.844944828983452245e-01
-2.765749902981319286e-01
-2.656246622997223139e-01
-2.527820278335509152e-01
-2.385697595734835308e-01
-2.052710288059976795e-01
-1.729028336746994410e-01
-1.423873240316831934e-01
-1.119100256327791865e-01
-8.184232288474430073e-02
-3.998990945154540233e-02
7.417438439309531617e-03
5.387628317908299547e-02
1.130195521287419291e-01
4.653696667110167606e-01
2.780779687664793887e-01
8.275588395685112841e-01
1.435755330970814869e+00
1.067239339593827108e+00
1.228905916274477317e+00
5.500581736580584247e-01
1.082715970442312603e+00
4.709018479076260144e-01
4.059265428440270718e-01
4.065805499819145075e-01
3.638294520780576136e-01
3.192821164931336497e-01
2.573141109739744969e-01
2.460517112176694443e-01
2.028592688026951141e-01
1.582102790436616946e-01
1.109338137633374410e-01
8.645202050665601323e-02
4.458513727427793061e-02
1.688788511619021548e-03
-2.448136789576527139e-02
-5.165511180885151710e-02
-7.566241539428181229e-02
-1.002934878105148919e-01
-1.261958596870240701e-01
-1.194022590109978799e-01
-1.144342339417985244e-01
-1.028544218033464186e-01
-8.902199833629897974e-02
-8.696815172974103891e-02
-7.997295755274097528e-02
-7.572705995522382993e-02
-6.993845969139422802e-02
-6.740186657632690759e-02
-6.897275905231281534e-02
-6.858663765093953035e-02
-4.492423424137392818e-02
-3.210606732009690933e-02
-2.523576762911355909e-02
-2.340662985590158396e-03
1.005327440063319422e-02
3.208958543570072930e-02
4.590197546167495979e-02
7.902901608255863408e-02
1.079880485942857904e-01
8.197822518349562326e-02
5.157857910670127222e-02
3.072308316675098627e-02
1.325867657361157192e-02
-9.034611540853387801e-03
-3.069761258079417576e-02
-5.218510411891874590e-02
-7.330052598493630445e-02
-9.351505886344246843e-02
-1.110560105260059438e-01
-1.328591727934620437e-01
-1.567008392335315081e-01
-1.778670319800431110e-01
-1.995520519645243018e-01
-2.119303992527432068e-01
-2.210013962708066160e-01
-2.326636843340270655e-01
-2.414159898147686945e-01
-2.500466551463030873e-01
-2.592850374078335962e-01
-2.540849614506980880e-01
-2.531744068619306010e-01
-2.429744233856027669e-01
-2.333818074723049696e-01
-2.063003458130040491e-01
-1.762962055357794044e-01
-1.497359638130541515e-01
-1.218698834494382210e-01
-9.492112044209988220e-02
-6.368240671119157481e-02
-3.078995262538730682e-02
8.318304783167318472e-02
3.374154581404509301e-02
6.875208855889025639e-02
8.974782036211625957e-02
1.740152481355757841e-01
3.221835724473685048e-01
4.437172094266769173e-01
8.063422869904233181e-01
2.173964636065621736e-01
4.926519991590244674e-01
2.133743470496722860e-01
2.034469600063145700e-01
2.696564523434445970e-01
2.806592475790001817e-01
3.062381519348286174e-01
3.174838461239285481e-01
3.372445012807944176e-01
3.563100179182054905e-01
3.706206168644761156e-01
3.763825090638092119e-01
4.053981041374381533e-01
3.825459302536103889e-01
3.193359843270662246e-01
3.324644002369828710e-01
3.309188006888937883e-01
2.371658432251518844e-01
1.958753334312600680e-01
1.484916547992021219e-01
1.069540657558991636e-01
9.994282761072692534e-02
8.795691001226157990e-02
7.795123120542957196e-02
3.488916160143429313e-02
3.848969778248445550e-04
-3.630071091095543601e-02
-7.127848365657285523e-02
-1.026803830125527228e-01
-1.308908383480938964e-01
-1.565496389025312074e-01
-1.823292832513208062e-01
-2.046165121893063765e-01
-2.271412437966430220e-01
-2.233332709098134194e-01
-2.224914063689975574e-01
-2.228472821677247584e-01
-2.211710906343280492e-01
-2.179885882369583250e-01
-2.125900299841284036e-01
-2.056208718101932842e-01
-2.041506872188453281e-01
-1.964723950618624815e-01
-1.917026895371444217e-01
-1.587907666628019521e-01
-1.275991612775774775e-01
-9.247103266181039283e-02
-6.263341489880497326e-02
-3.436078596716896083e-02
-7.061493660858397803e-03
1.871854435283237805e-02
4.158939714553788747e-02
6.757538504204607666e-02
9.462146729893383679e-02
8.181151338303283005e-02
7.036356095152118684e-02
5.780086789316618567e-02
5.281264523797468691e-02
4.581010278815056402e-02
3.714639327406965563e-02
2.714273194832683700e-02
2.571598283231113502e-02
1.775807720955824287e-02
1.458533431522024415e-02
-1.384403611788898036e-02
-4.130267806692167198e-02
-6.762332835401896336e-02
-9.171777150923959843e-02
-1.147881485060511797e-01
-1.372915799091445344e-01
-1.577858374632037375e-01
-1.768224372727689175e-01
-1.958978403551102643e-01
-2.115826035030050623e-01
-2.070672801030819521e-01
-1.995133798653495050e-01
-1.915094490859058363e-01
-1.843549786083322206e-01
-1.779479280931730578e-01
-1.737427163626593107e-01
-1.658234451048487545e-01
-1.656390405164422930e-01
-1.592059976388280340e-01
-1.590123993859575702e-01
-1.276589759010038350e-01
-9.620303472720986848e-02
-6.395780960773622681e-02
-2.739508315179089992e-02
1.039147135670204225e-02
4.221308896271513955e-02
6.042750586877421171e-02
7.840536782865914489e-02
8.673300240251724524e-02
9.155692586781727371e-02
5.687619176406100152e-02
1.880653797301023999e-02
1.390016934681598815e-01
3.480336639419554512e-01
4.676919064135738324e-01
6.358611007252610303e-01
9.075967945582124052e-01
1.173199501651758458e+00
1.367201689806835319e+00
3.809694185365661401e+00
1.782570014964416805e+00
8.577761574898055130e+00
8.935595969465101263e+00
9.088505270948648018e+00
8.362913289532984962e+00
8.908978035291788444e+00
9.348284759528787902e+00
7.595637402572402941e+00
7.622501835535393511e+00
8.568200185927345558e+00
1.379117504864323784e+01
6.068270415373238080e+00
5.233780000691576006e+00
4.560352570797720162e+00
2.643495374531845687e-01
4.275112676501224840e-02
-1.861907002371354647e-02
7.771955311292733093e-02
2.670174126226926292e-01
7.792523409280108782e-01
1.818429507147074853e+00
3.611850988515928673e+00
4.247282296573930083e+00
7.759963351009659505e+00
1.201497319406320408e+01
1.599359675461240826e+01
1.325447576307673891e+01
4.114615568058179740e+00
3.529497120394653908e+00
3.042846760175514920e+00
2.284333293788484376e+00
1.752308438501026799e+00
1.428456998840738734e+00
1.114039536851958445e+00
7.759056066458454026e-01
6.286702582483771895e-01
5.120622800267854435e-01
4.197215636718237830e-01
3.223039590491867390e-01
2.585039114158672602e-01
2.469444151967554735e-01
2.639338533618897920e-01
2.887724257885950774e-01
3.492677084015105571e-01
3.441170300527817139e-01
3.686757840864136604e-01
4.064282467500472951e-01
4.703497642196805550e-01
5.228866664078866133e-01
5.773770527855879298e-01
5.061418066801175453e-01
4.234669225448289831e-01
3.835536901805387533e-01
3.544086911567752018e-01
3.456925193231172866e-01
3.036527582042470863e-01
2.180257792349347135e-01
1.802688852588385515e-01
1.433819569921692683e-01
1.191695925147978619e-01
7.553247587710698596e-02
3.571803691051866902e-02
-3.038749290672604353e-03
-3.553095723262500449e-02
-6.600142750629173216e-02
-9.683043099591892577e-02
-1.171466958134844139e-01
-1.375915450443520593e-01
-1.561686148542258401e-01
-1.816066358617323684e-01
-1.848787481805075350e-01
-1.880561105737267313e-01
-1.911742667974524190e-01
-1.964688175676069237e-01
-1.942253175418967581e-01
-1.881784026852054148e-01
-1.652021581105055370e-01
-1.390277378368438566e-01
-1.125436211884570659e-01
-8.778020193811397753e-02
-5.936270081182398739e-02
-3.142331859795055582e-02
-8.676918529332833252e-04
2.891208872370332195e-02
5.911284377024128567e-02
9.267103708192392375e-02
1.147127921262309780e-01
1.443030691692976930e-01
1.591955236088091752e-01
2.005863272374290851e-01
2.571059341709882595e-01
2.742842026774234832e-01
3.679803834772369386e-01
4.639426681131884056e-01
8.643877250547471469e-01
4.648603677585194660e-01
9.058530217365973192e-01
4.646226006074021253e-01
8.263272823092713271e-01
8.001829323436436825e-01
6.113359175101599208e-01
6.866427155009735550e-01
2.531087352002624469e-01
2.371865847394625249e-01
1.639957992970786371e-01
1.596417711112623206e-01
8.896209367502461163e-02
3.210738888054220919e-02
-1.759783749580634549e-03
-3.665625268312278084e-02
-5.511623913498392424e-02
-7.229428976323137856e-02
-8.798732087615729336e-02
-1.057049617509755457e-01
-1.209015645433900166e-01
-1.269627634815533868e-01
-1.448273316022432589e-01
-1.606636521171673770e-01
-1.715671331999440441e-01
-1.755322848068872066e-01
-1.718999563483453175e-01
-1.695849249467125119e-01
-1.639658262186974302e-01
-1.580222853641812808e-01
-1.536999766543427626e-01
-1.447470708125833672e-01
-1.304619749021377895e-01
-1.136003700553447904e-01
-9.887809268503550131e-02
-8.752258389646871972e-02
-8.264004918319428628e-02
-7.865795738962449990e-02
-7.565064241222030361e-02
-6.726057130472834489e-02
-5.389698056936603754e-02
-5.081758023979532357e-02
-8.008563094126575077e-02
-1.044583614902839241e-01
-1.251560079138475667e-01
-1.471146413543905629e-01
2.050694005684510213e-01
3.969588245167288143e-02
5.885272996201029727e-02
3.766791891717486962e-01
3.679529762533153558e-01
3.757262167435395650e-01
5.128776946547739524e-01
5.685600406439426102e-01
5.583327443671821655e-01
5.575767873657003770e-01
5.055386731699874625e-01
5.210469772329394678e-01
4.775331693319331272e-01
3.956760608533028689e-01
3.872081250932678520e-01
3.306352054010331942e-01
2.709045065957587095e-01
2.012019921077639051e-01
-1.685897843636496862e-01
-1.180478121122816582e-01
-6.276166414167816399e-02
-7.675321045870764358e-04
6.090560542542466926e-02
1.279685864905196757e-01
2.045927282069328612e-01
2.866090831049528109e-01
3.277382517832920783e-01
2.685763679216897071e-01
2.839006785117290654e-01
2.791941687673911154e-01
2.643086141859406490e-01
2.615704240142152637e-01
2.552650137037978384e-01
2.685719734922492608e-01
2.885957668969404422e-01
2.883577341203922284e-01
2.224147763412135381e-01
1.429592569679366543e-01
1.075643686835664470e-01
8.117731529917693312e-02
5.453012680320701300e-02
2.805420035236494414e-02
5.848406007738615742e-03
-1.552238052837401350e-02
-3.142024938204435180e-02
-4.350431119947767433e-02
-4.129757075475376515e-02
-1.945159028620585540e-02
-1.374873792163672226e-02
-4.858585635759360422e-03
-5.472390129851012475e-03
7.942445221713723136e-03
1.405510985765023868e-02
1.278506377280841377e-02
4.070848296447104886e-03
-1.130045816625646626e-02
-1.322795026170114907e-02
-1.930680637346637862e-02
-1.183020177953986174e-02
-5.882845472363951167e-03
-1.560348090464236392e-03
1.015161690344323908e-03
3.359817150906829752e-03
4.223397315331611779e-03
4.314387524836149623e-03
6.652110230276342406e-03
7.012802615305568921e-03
3.492305283082142164e-03
-1.041646777851013006e-03
-1.388856879528777011e-02
-2.058227206422680311e-02
-2.782751908920300110e-02
-3.487720768227492441e-02
-3.493361565462876905e-02
-3.337015085621231059e-02
-3.717550831203225714e-02
-3.117088508684356940e-02
-1.621981579493203540e-02
-2.771330342785682799e-02
-3.660789814675557974e-02
-3.836957826100739766e-02
-3.864131489874111924e-02
-3.818262347884066044e-02
-3.659674670600088220e-02
-3.371035718940257331e-02
-3.700332309148923748e-02
-3.655021219678877831e-02
-3.721381974008708404e-02
-2.190145727664516428e-02
-4.999266543102842686e-03
1.836430704325042740e-03
8.834226716323057005e-03
1.085146841270878681e-02
9.704220572161914582e-03
5.049857432089632781e-03
5.673906240476478402e-04
-4.013855932519017067e-03
-1.556330772282277231e-02
-5.999765511371935034e-03
-7.357058490353174385e-03
-1.464303116346105105e-02
-2.264021569047269811e-02
-3.090238575846981917e-02
-3.963219318571620242e-02
-4.906968528316751899e-02
-5.626265483029319059e-02
-7.888930437886110258e-02
-7.489355237245082231e-02
-8.769335470599254334e-02
-1.019685408575318197e-01
-1.063501640761015943e-01
-1.097894648555201025e-01
-1.147605120397544032e-01
-1.173683342009401165e-01
-1.190159973389119941e-01
-1.203519453443744336e-01
-1.226068828161056001e-01
-1.277369025382277257e-01
-1.439969101790347095e-01
-1.585587673997372327e-01
-1.694635880950042250e-01
-1.805166970432540707e-01
-1.910327241322862801e-01
-2.021669051237695580e-01
-2.130706337075356505e-01
-2.277417579158994565e-01
-2.375637398974874692e-01
-2.485586883353279042e-01
-2.443478454767697983e-01
-2.407971516992767902e-01
-2.437929334192004971e-01
-2.385777412771181716e-01
-2.328983989203127214e-01
-2.277232092902192750e-01
-2.241297040106053351e-01
-2.204197203904660340e-01
-2.176338086684241890e-01
-2.143275400283156662e-01
-1.586585407334953346e-01
-9.781526859670297558e-02
-4.403458515137104179e-02
1.409114832209779067e-02
7.814364665547846034e-02
1.521218328335789405e-01
2.317314560435345117e-01
3.216781674521922429e-01
4.291070987464081776e-01
5.311845109478248173e-01
5.169756831280606368e-01
5.046485856163793748e-01
7.520543894061724188e-01
5.655950792518149584e-01
5.387650092188837059e-01
4.990667768944243576e-01
5.059306733982089632e-01
4.915605635861965972e-01
4.841844479987694738e-01
7.038277021666395905e-01
3.724836599396326164e-01
2.749744877337283455e-01
2.312241443618614500e-01
1.965596958661608440e-01
1.542096026207991910e-01
1.150364132166386000e-01
8.531556789282090936e-02
5.552877114832788230e-02
2.860918435790416048e-02
4.890891671889940895e-03
2.463357791345455183e-02
4.768210020607066557e-02
3.448392706471914426e-02
2.620045361350631374e-02
3.174644256055825231e-02
4.100635312027867130e-02
4.988602508450901141e-02
5.988030964369084330e-02
7.128681478098508606e-02
6.417721999977299419e-02
7.186073052044128495e-02
7.459429445946907933e-02
7.720669998433726811e-02
7.379578051408319794e-02
8.774663626517187343e-02
9.792931057146136986e-02
9.923640319159565681e-02
1.140446724547181656e-01
9.241723684288150054e-02
1.331952016632366176e-01
1.300530444929571816e-01
1.244243899910569828e-01
1.224418243280338547e-01
1.218457189634105653e-01
1.421760084527854406e-01
9.644252142594056387e-02
1.116071290560788354e-01
1.154777747230598672e-01
1.501583491470971365e-01
1.116159137956799219e-01
9.669995389128960284e-02
9.189360945805069569e-02
7.916187646846606363e-02
3.564938897323077782e-02
1.036864512179835884e-02
-2.067143754957617707e-02
-4.346940171216079341e-02
-6.930904143871619016e-02
-1.042516835064020153e-01
-1.149869013427538000e-01
-1.304539927722630499e-01
-1.418563546693732969e-01
-1.491223415473422187e-01
-1.580793335555425450e-01
-1.649231164134662420e-01
-1.720682422424666402e-01
-1.777037534366959770e-01
-1.849474268474126104e-01
-1.887664153635194020e-01
-1.793469466759298747e-01
-1.708627759790103395e-01
-1.610712199136146716e-01
-1.494948936573970988e-01
-1.362848445855719404e-01
-1.209798695675591285e-01
-1.023117093802088373e-01
-8.765617814422044241e-02
-7.199306520371584472e-02
-5.290452628858477446e-02
-4.688157395317310572e-02
-3.674167453014448581e-02
-3.189305650444640428e-02
-1.957573337757767540e-02
-9.431339448608300202e-03
-3.820104489141717963e-03
-6.446038770835382792e-04
-6.098721304326981674e-03
6.136606968729307887e-03
-4.868454405350108871e-04
-1.246006618139672284e-03
2.966802792881972906e-03
8.794522114293767956e-03
2.015251291359820840e-03
-2.515236894106931409e-03
-6.375212906368110666e-03
-1.156190779199339769e-02
-1.238903146605441208e-02
-2.195383746953460946e-02
-1.921988008375441481e-02
-1.605327893091279545e-02
-2.978710166524811687e-02
-3.883245980632593630e-02
-4.366200270997344646e-02
-4.586105395350059677e-02
-4.269846444524738605e-02
-4.237384859032472528e-02
-3.808198131469431313e-02
-3.840501153012321200e-02
-3.967751050554163550e-02
-4.167038015779439553e-02
-4.474075590999404550e-02
-4.884122217618008799e-02
-3.995914239751652275e-02
-3.426742393186188451e-02
-3.532323166094675226e-02
-3.210894715849232917e-02
-3.383412435522659134e-02
-3.269407117619693715e-02
-2.964316904584463064e-02
-3.035101546490875934e-02
-2.455158378799277008e-02
-2.173528685953540762e-02
-3.035422119466346658e-02
-3.588037318279291288e-02
-4.113781896278501105e-02
-3.913814482904676151e-02
-4.210990547296211695e-02
-4.439427105960075393e-02
-2.326574770252132218e-02
-1.122343631647670925e-02
-8.290940184512929356e-03
-5.504354309305237170e-03
-5.972677638135803768e-03
-1.279102069299320465e-03
7.577941512346364483e-03
1.573431892017884692e-02
2.055278151962180999e-02
3.009909396265608716e-02
1.423888484521385056e-02
1.571102476489716349e-02
2.018920785862166056e-02
3.015669177544977320e-02
4.277039395570003677e-02
4.467234478549753085e-02
4.667184748317820819e-02
4.367671641576520436e-02
4.653591564021775095e-02
4.615998608896143551e-02
3.556015847526294849e-02
2.736732105654271496e-02
2.931995233318462901e-02
3.081309660587416843e-02
4.471057291771574072e-02
5.118763589156849481e-02
5.751839661365987233e-02
5.776812713591095161e-02
6.293380384839231123e-02
7.186255502424121477e-02
8.127986168647194365e-02
9.565322501598871874e-02
1.105760372050395013e-01
1.086824824154944968e-01
8.403182811912068839e-02
7.779479737370742498e-02
7.196410104877770664e-02
7.420844048470487397e-02
6.715276090471988812e-02
7.105089844606182758e-02
7.616161663116505220e-02
9.046512798997108362e-02
8.330686614003035562e-02
8.366831287383513782e-02
5.339951008213683625e-02
2.821786597729192270e-02
1.166355019320108877e-03
-2.060832818999491778e-02
-4.571067376097542878e-02
-7.241372901201476031e-02
-1.036665879685210179e-01
-1.430532780790870206e-01
-1.543343665866738768e-01
-1.783395393877550417e-01
-1.686486270958998390e-01
-1.651336811007574346e-01
-1.571516067539719952e-01
-1.546275804389841690e-01
-1.476643527513713527e-01
-1.468030244611491786e-01
-1.522103160236588648e-01
-1.604143090181244236e-01
-1.695983472965062466e-01
-1.796334253858146712e-01
-1.735716045186115331e-01
-1.684918871269194263e-01
-1.624619358998925511e-01
-1.562052757861157604e-01
-1.511843959326260589e-01
-1.443406391284465795e-01
-1.289940392704410077e-01
-1.170577298290557122e-01
-9.577055216969310170e-02
-7.614364100546644476e-02
-8.380254150328358964e-02
-9.093256768758517516e-02
-1.004287284303834737e-01
-1.023196636012821958e-01
-1.588950620658526880e-01
-2.026133563028662543e-01
-2.581616518586874465e-01
8.590307966722408040e-01
1.040135489797571866e+00
2.926482815437835505e+00
1.444954285469153721e+00
3.779134517672000815e+00
4.150494647429358253e+00
-6.927528044735057344e-01
4.600700863983225197e+00
2.957552494324312065e+01
2.952539400971787131e+01
1.688806861071569898e+01
2.922721018031685247e+01
1.926752686188715424e+00
4.453910727901411626e+00
2.960504857328638906e+01
2.922351839507929938e+01
1.710450830443264181e+01
1.533461423419200997e+01
1.128056192396884150e+01
3.371384554124192245e+00
-2.610889863907241981e-01
-3.300606781541455259e-01
-2.136042511709320135e-01
3.534598523152288063e-02
1.273089269573492999e-01
3.255244239621872815e-01
5.158230169470963133e-01
7.654304425331727169e-01
7.221103379605257055e-01
7.824235346034039695e-01
2.094907338534058994e+01
2.634310371347319801e+01
2.711660700790136502e+01
2.664242335664485495e+01
2.086896509600042293e+01
1.003409805934630938e+01
7.516334250038874121e-01
5.325137789201234151e-01
5.645069398759348100e-01
5.474865749801016701e-01
5.074665894783869646e-01
4.664413639857896143e-01
4.480763136670999902e-01
3.874906875261644457e-01
3.375914665524855085e-01
3.028009309569060781e-01
2.736421830922222131e-01
2.450416853841832499e-01
2.302602825067145975e-01
2.289654663142179913e-01
2.341557979697393987e-01
2.288209833580985286e-01
2.297584329804738257e-01
2.082024424079020886e-01
1.925133802685907725e-01
1.751553427511864935e-01
1.735549102878684025e-01
1.629505796782582117e-01
1.213697384624917719e-01
8.401697721666012697e-02
4.688242558427901940e-02
1.019739762406468575e-02
-2.194407549167504135e-02
-5.115159417727171975e-02
-7.864492194539285386e-02
-1.045341201276015486e-01
-1.296140698343668518e-01
-1.543875850922236670e-01
-1.537952192355659942e-01
-1.515708696388984311e-01
-1.516533435020062104e-01
-1.492429825353053796e-01
-1.487932000820845757e-01
-1.476050779391459011e-01
-1.443323080483359111e-01
-1.453646599227282898e-01
-1.432560823338437928e-01
-1.423032392929260426e-01
-1.322776718012642072e-01
-1.233872044481945651e-01
-1.147144766067670352e-01
-1.051245434115119504e-01
-9.724023235062523307e-02
-9.039584518490878517e-02
-8.355374655689751240e-02
-7.674279497274599793e-02
-7.109313643417919382e-02
-6.511534303671195900e-02
-6.618581833006548232e-02
-6.795145936575314183e-02
-6.965846847591250501e-02
-7.154224276617865419e-02
-7.268287497932884866e-02
-7.446196060587478849e-02
-7.693223669386639596e-02
-7.597843390810510300e-02
-7.720420957675433460e-02
-7.742641235879199613e-02
-7.901779231939998205e-02
-8.019950361113947768e-02
-8.135305043031171301e-02
-8.292836881989612552e-02
-8.450771885414054552e-02
-8.590691947036666054e-02
-8.724630426424967444e-02
-8.880015361762821913e-02
-9.045469185291094005e-02
-9.163389317236692033e-02
-9.276276996182108991e-02
-9.341937060671784421e-02
-9.367139462462104049e-02
-9.417277006417901219e-02
-9.543352516157732612e-02
-9.723818797953098780e-02
-9.899874292339516657e-02
-1.015362762866375279e-01
-1.033022831867134728e-01
-1.061008150338225708e-01
-9.650016464332167310e-02
-8.689170964831344213e-02
-7.770456783903906262e-02
-6.781984101279492361e-02
-5.748850043752395944e-02
-4.624126963768959708e-02
-3.514659055537816545e-02
-2.390449973348524049e-02
-1.150288621516210030e-02
1.171258005869812990e-04
2.258820661991678413e-03
3.309828036231809989e-03
4.101510839459865387e-03
5.424380063112632655e-03
9.358069467227059235e-03
1.459692987030092315e-02
1.829440320974595746e-02
2.410752128242732439e-02
2.674256355204418512e-02
2.845209024777917151e-02
3.084202414141934412e-02
3.461993455946776876e-02
4.072421649940205501e-02
4.535679065073860983e-02
4.924143002132974622e-02
5.337158050294443790e-02
5.053714869455327996e-02
6.060091618581842088e-02
6.329606335514648130e-02
6.984722707717261336e-02
7.196644040439403867e-02
7.334116300106863218e-02
7.229139009778928759e-02
7.157503245802965264e-02
6.833326704835174237e-02
6.165818223600227910e-02
5.759947982684365808e-02
5.094744333544998227e-02
4.719333793472402228e-02
4.142376975667672045e-02
3.964323357891752497e-02
3.012932596320450074e-02
3.675109187369729469e-02
3.522731999527128899e-02
3.238009806251374023e-02
3.182875019206532485e-02
3.030666034222062599e-02
3.015666341536948902e-02
2.934147431244760185e-02
2.825165510635307964e-02
2.551333465559646463e-02
2.094303443553091615e-02
1.763664551702426309e-02
1.561053337350337689e-02
2.002515971649787563e-02
1.666324903344906794e-02
3.309687192420307511e-02
4.001721134392088874e-02
4.736988507218131694e-02
6.511309042404911374e-02
6.959389746320721049e-02
7.611048125740016435e-02
8.053809262491817833e-02
8.718576564952529306e-02
9.039195426989976578e-02
9.486647197406661292e-02
9.858430395248074518e-02
1.037716611494648999e-01
1.076980927736417293e-01
1.037634529635178549e-01
1.112952933846316217e-01
1.205311267693089938e-01
1.181584079083499716e-01
1.220837706392833288e-01
1.183635161819935888e-01
1.058786039974659587e-01
9.390924662298905101e-02
7.661860500794426265e-02
6.933697306532016214e-02
4.540889025956262870e-02
2.751734656072690743e-02
1.512220038953249190e-02
5.747479601684313266e-04
-1.227379035287984310e-02
-2.275188432736119371e-02
-3.454064902446302154e-02
-4.475494950614977707e-02
-5.609779502132639095e-02
-6.553572200376539536e-02
-6.915355297671132995e-02
-7.243865061906196168e-02
-7.650805055713172376e-02
-7.997482258884813788e-02
-8.208527023062012207e-02
-8.045621161826332912e-02
-6.865373050910900110e-02
-6.003944760011392656e-02
-4.884706663498838974e-02
-4.115806242283803762e-02
-2.016418933473046460e-02
-2.376168638487019535e-02
-3.227854871488067268e-02
-3.805276705818511074e-02
-4.608818069609366130e-02
-5.429889228554579672e-02
-6.278099617867627380e-02
-7.252966396535187599e-02
-8.034016319868769740e-02
-9.010889537254451742e-02
-1.045471632375681859e-01
-1.003920333305201029e-01
-9.687545219929050155e-02
-9.099941409332290565e-02
-8.571312804110031713e-02
-8.695090420468754022e-02
-9.160793027787011988e-02
-9.573522910462167745e-02
-1.005255499047658097e-01
-1.049615981810989584e-01
-1.139002113579331565e-01
-1.052170458505850004e-01
-9.355188862750313250e-02
-8.369286549504173500e-02
-7.438547637878173413e-02
-6.339007891154424534e-02
-5.278495706922065045e-02
-4.152116075408646134e-02
-3.155350284593899657e-02
-2.013686765707783932e-02
-6.129378892633541298e-03
-1.187644435021445455e-02
-1.915158764363711352e-02
-2.731593964361705984e-02
-3.556769417237592990e-02
-4.226762821769447509e-02
-4.376732509428293838e-02
-4.809560457646566700e-02
-5.012876667777166340e-02
-5.816571548703142192e-02
-6.696082919580387260e-02
-7.714307131964459607e-02
-8.711102956332589242e-02
-9.566223587717631593e-02
-1.042430759987611477e-01
-1.119337799195661010e-01
-1.190272773706835263e-01
-1.249656629632602822e-01
-1.301941490886079356e-01
-1.320343747568580306e-01
-1.323368104705939241e-01
-1.224302710864043631e-01
-1.140709693122688995e-01
-1.031088784644770273e-01
-9.070715002380835834e-02
-7.797528608093645675e-02
-6.877564454043222364e-02
-6.134244778364295048e-02
-5.369692165459100108e-02
-3.836493623175057932e-02
-2.320887818666844682e-02
-9.738607037161783886e-03
7.785629559495355068e-03
2.160141329064579896e-02
3.778237597681033400e-02
5.241773789046533238e-02
6.958384827316776988e-02
8.948036156029148813e-02
9.649772125170597015e-02
1.143980697533160118e-01
1.204063493794176321e-01
1.106949519579913943e-01
9.552118923884589385e-02
8.809157251077792683e-02
7.874290638229153316e-02
5.937682517598075194e-02
4.909893922686325851e-02
4.393075010538949332e-02
4.344160296648302833e-02
3.443334196862624097e-02
2.012403390712891316e-02
1.819433161179695446e-02
1.645002882237067698e-02
1.494785517490337945e-02
1.338097974592278305e-02
1.153183906223953503e-02
1.126255856099356301e-02
9.103876135460375885e-03
7.586127819163457353e-03
1.006920313382853038e-02
1.239424165629776642e-02
8.986062863182375793e-03
1.913858195716100496e-03
-2.897386174093741218e-03
1.336008220489182108e-03
5.848873030941170725e-03
1.225289374119098440e-02
1.618581411204067511e-02
2.290413922406953073e-02
3.250509375972698844e-02
4.403480675572379877e-02
3.591799988413191258e-02
2.948369444251808247e-02
2.207526567212314550e-02
1.543071264759598993e-02
1.007687532812551190e-02
3.317704707422208799e-03
2.537664071146750189e-03
-7.263299003674728027e-04
-9.705109206401107969e-03
-1.778287883567131189e-02
-1.816948455067968204e-02
-1.533628549232890492e-03
5.575022789111816479e-03
3.384160473385300349e-03
-3.078265583649708592e-03
-8.484683554053185084e-03
-1.725986693782788350e-02
-2.508546325656529907e-02
-4.326565009108485071e-02
-6.352611642990363405e-02
-7.524606294188257438e-02
-8.707184588779476320e-02
-9.833590778781986508e-02
-1.080361391459778164e-01
-1.173477209141293720e-01
-1.263690101380475772e-01
-1.394175725728953874e-01
-1.516916544722567428e-01
-1.548059555563787715e-01
-1.576835683010432421e-01
-1.582084975332561649e-01
-1.613986629433338815e-01
-1.607047923834631353e-01
-1.573551073620822471e-01
-1.532576098588778191e-01
-1.451531027527191986e-01
-1.387688738092880403e-01
-1.328704393817300433e-01
-1.129677196249573856e-01
-9.112799624982459434e-02
-1.028041826460573405e-01
-6.633394662090852378e-02
-5.483994943565995150e-02
-5.495493918167942970e-02
-3.367709205422814156e-02
-2.530814470137821015e-02
-1.988233829787217077e-02
-8.275977169621695495e-04
-4.087835171789899746e-04
-1.668004985266424711e-03
-3.361514407555832307e-03
-3.846015836950433808e-03
-6.079560048068644029e-03
-8.920712713916034708e-03
-1.488548982548992816e-02
-3.183036294802554789e-02
-2.795927823303001603e-02
-3.711690089143160343e-02
-5.094095538743065310e-02
-6.657393645403869575e-02
-6.325131428447694493e-02
-5.935478764322388301e-02
-5.447733950279592952e-02
-4.893253583879786373e-02
-4.375477659133736319e-02
-3.672233366902077911e-02
-3.241154420728747931e-02
-2.495358869725172735e-02
-1.413507299604715994e-02
-1.135819524417103210e-03
-2.012630287923089512e-03
-3.980413034764651581e-03
-6.596595353192069577e-03
-1.083311754712512620e-02
-1.363268914349330396e-02
-1.387351976129030939e-02
-3.290796540873303089e-02
-1.901826581612153788e-02
-2.433458924636511256e-02
-2.642819408352209409e-02
-3.896858360862276438e-02
-5.220400398731828151e-02
-6.013985454551784571e-02
-6.681921759325726295e-02
-6.976515930600246662e-02
-7.259343639419529870e-02
-7.289302750106974038e-02
-7.736480002549156465e-02
-8.037630141830359731e-02
-8.145990491731014416e-02
-6.838836733967673664e-02
-5.399716702428586368e-02
-4.195946538413269922e-02
-2.862704595855691814e-02
-2.780853823243600864e-02
-1.073522861705727971e-02
-6.191329962749625437e-03
1.937907848442943504e-03
1.204985903086353005e-02
1.506380913801863564e-02
2.925660818864528334e-02
4.046549173220059803e-02
5.388024434542559860e-02
7.231416315603511613e-02
8.143625110103847042e-02
9.755573354711621903e-02
1.277443290065416459e-01
1.434629959171543900e-01
1.585838667531449531e-01
1.884125085485188755e-01
1.744021227851416667e-01
1.539972952697603592e-01
1.424699488033248640e-01
1.247158381964771356e-01
1.017302800449859657e-01
9.002913863109762715e-02
7.715458417945730840e-02
6.300185689794179922e-02
4.689403891852139683e-02
3.324887465155179633e-02
1.503867708862260955e-02
-1.733525179881734157e-03
-1.819673368411256487e-02
-3.416581031766696697e-02
-4.772508582043555325e-02
-6.308930817776681188e-02
-7.713909348365866059e-02
-9.150037353199136358e-02
-1.047281583616190281e-01
-1.171347552309836004e-01
-1.204405642951692501e-01
-1.233531979719249549e-01
-1.219258724183418519e-01
-1.204999606243379873e-01
-1.170867504246245749e-01
-1.139218084052453506e-01
-1.121086713109033517e-01
-1.130660277974587791e-01
-1.098531339124410589e-01
-1.080310398402977712e-01
-9.675784222437944226e-02
-8.522218695945527056e-02
-7.291408132384469276e-02
-5.867646101538087633e-02
-4.692727492779080745e-02
-3.306251881402832993e-02
-1.936859256772383020e-02
-4.664685306170035517e-03
9.007618561966190818e-03
2.204364234027234026e-02
2.835093847375369513e-02
3.126031037347509756e-02
3.516683424234856581e-02
4.068891416402953265e-02
4.456532035649385382e-02
4.900072878132832876e-02
4.866669916728538769e-02
4.742323258514591355e-02
4.791324212727188225e-02
4.043580234998733758e-02
3.314291248140366353e-02
2.079116035197547951e-02
-2.437776332368579713e-03
-1.248343537918350510e-02
-2.693544292602190193e-02
-4.235074389007525975e-02
-5.743166140839978118e-02
-6.858344811845029643e-02
-8.056177234668349119e-02
-8.965452316659150434e-02
-9.271309851842174377e-02
-9.640897717057828054e-02
-1.009904685851694128e-01
-1.070358405509615474e-01
-1.155829613061319372e-01
-1.223653114544618337e-01
-1.273250553946196906e-01
-1.272439766481995305e-01
-1.270640289328882067e-01
-1.272677328679479580e-01
-1.169875370447333585e-01
-1.071993899820876117e-01
-9.528878908197813136e-02
-7.983665655254906790e-02
-6.606431762673398156e-02
-6.907508568550613237e-02
-3.702863755985519312e-02
-2.655273225094367806e-02
-1.404340758559724511e-02
-2.160880241118545708e-03
5.595820570444054454e-03
1.315398970856840322e-02
2.016334786528428680e-02
3.218140802133195866e-02
4.224898403274612857e-02
5.369380244468890950e-02
5.877099465833990344e-02
6.307354412473953342e-02
6.464064353721377110e-02
6.677585312959710695e-02
5.485149990892812522e-02
4.324849804242014706e-02
3.322035087509034312e-02
1.350231520544031838e-02
6.592514934565585349e-03
-4.139668665480822352e-03
-1.495218518435548205e-02
-2.468591141390175103e-02
-3.720019519875900071e-02
-4.962697186394010584e-02
-5.839450394486522811e-02
-6.798998139230344462e-02
-7.554743819035997232e-02
-8.499715108868866054e-02
-9.387829387191071184e-02
-1.061815003246462941e-01
-1.085018534618594765e-01
-1.114032172142047639e-01
-1.113097407189839738e-01
-1.109889707912027901e-01
-8.241953814213037743e-02
-5.367234600615500284e-02
-2.645808132084770392e-02
8.050124970495176058e-03
3.965890733308830018e-02
7.490139738824552751e-02
1.052633344656551673e-01
1.516792811044705980e-01
1.997151339776943590e-01
2.420212286296603565e-01
2.569348067267414049e-01
2.780142064797970214e-01
3.086897596953175338e-01
3.482868527875395692e-01
3.865805003867393008e-01
4.375309963369753419e-01
4.192089320540525188e-01
4.261532070446418796e-01
3.890666950119430201e-01
3.867179852147231145e-01
3.131751112620718702e-01
2.987899385532581942e-01
2.666363722771721845e-01
2.309677538758085902e-01
1.763128890272396276e-01
1.146050827347164791e-01
1.079525929529898676e-01
7.726925308931131831e-02
5.037553215563661535e-02
3.409685070300094711e-02
4.270357781718137069e-02
4.873850326756667961e-02
3.954285994141171212e-02
3.351467156764287303e-02
2.805975550671346852e-02
2.147894622663659714e-02
2.127172557865297797e-02
2.270945187998818504e-02
2.690232132666092735e-02
8.328669143019995502e-03
-1.017640250684159753e-02
-3.076914145220432939e-02
-5.383195899415638142e-02
-7.140358675671731881e-02
-9.285047506223081948e-02
-1.137097828126844012e-01
-1.293715606147891606e-01
-1.512587948025013729e-01
-1.667350456957239491e-01
-1.760465587508146523e-01
-1.826558710602992353e-01
-1.868137263169362128e-01
-1.921998142950366306e-01
-1.929765736689422750e-01
-1.999493089306833005e-01
-2.001927606216457600e-01
-1.932237636925849267e-01
-1.856063231221835585e-01
-1.807812626588690685e-01
-1.550239425281849104e-01
-1.416989831868060712e-01
-1.246953629666719410e-01
-1.024580327453281092e-01
-8.241977615627066323e-02
-6.132093985420866700e-02
-3.990215133876601206e-02
-2.938870961522688230e-02
-1.259766821190660968e-02
-1.190549344788460751e-03
-1.187914878795987006e-02
-4.413985302935130584e-03
-1.472482871768099333e-03
-2.575221556847806514e-03
4.363992861275201030e-03
8.325105898183915443e-03
6.013031788015377188e-03
4.424023652384256877e-03
4.665081067609211374e-03
7.585124881613780623e-03
-2.254114709259014138e-03
2.787023270627742022e-03
6.423084227712649863e-03
1.714886209834454167e-03
8.310553520831098773e-03
1.047850188192622767e-02
1.464921456210577233e-02
1.816950838319175698e-02
1.535400119635865757e-02
2.082195673013043091e-02
4.197057100496348614e-02
3.887844537643592169e-02
3.670614386616755098e-02
3.343382534130912020e-02
3.599566211424587436e-02
3.169182884513044307e-02
2.969615088421106996e-02
1.407286555780462578e-02
-3.260256265476157989e-03
-2.445386128940846282e-02
-4.925051293114107720e-02
-5.689548116903397901e-02
-7.772816552283873248e-02
-9.655899482306729009e-02
-1.178040727280573186e-01
-1.364300006056946568e-01
-1.518625588715291075e-01
-1.627688316017336101e-01
-1.670322467188519733e-01
-1.730951481264511038e-01
-1.895845692748319156e-01
-1.924160134207290596e-01
-1.942258697322840622e-01
-1.921039825375189802e-01
-1.948644751295014466e-01
-1.917104126642076301e-01
-1.851398244080628697e-01
-1.746783365951708467e-01
-1.626664520199089803e-01
-1.477082080286182264e-01
-1.312358927091615834e-01
-1.086205359454113784e-01
-8.121411930334881957e-02
-5.614263790741647053e-02
-3.098563527616976510e-02
-4.695245320144314505e-03
1.913146322988934500e-02
4.338395326834776355e-02
6.240824990250226634e-02
8.539983680024310075e-02
1.110807659281858317e-01
1.255094577211626206e-01
1.721248288644194879e-01
1.495021820286773773e-01
2.077853638612222609e-01
1.469128252542395430e-01
1.916230626444737073e-01
1.526884524458815839e-01
1.284374279778371930e-01
1.124031134610439242e-01
9.978610171315982491e-02
8.409979243714948982e-02
6.413713800652565133e-02
5.259636982361559632e-02
3.966073621382226744e-02
2.718223653389173489e-02
1.719901996863060223e-02
6.772516651181059721e-03
-2.698110576867862598e-03
-1.205273759705927095e-02
-2.557871633475472528e-02
-3.820117927940219760e-02
-6.265994826552695462e-02
-5.951722612666798806e-02
-7.410393729021036435e-02
-8.413684745730698467e-02
-8.685536625153483792e-02
-8.718823024231325824e-02
-8.573893412520450230e-02
-8.272007817487342374e-02
-8.090915801170334154e-02
-7.758130032277454902e-02
-7.316337146778945089e-02
-6.973650746095694242e-02
-6.759519661696272719e-02
-6.398540717409056944e-02
-6.381650807150796023e-02
-6.196787695759164993e-02
-6.075354342152106124e-02
-6.153709282705688288e-02
-5.779741363760865225e-02
-5.371368463019987605e-02
-4.541804749001898678e-02
-4.091800303293280372e-02
-3.054138421936497538e-02
-2.260382937684324300e-02
-7.564605216123010401e-03
6.822528867798216545e-03
1.899267453833175523e-02
3.229946531768379536e-02
4.817930853875385111e-02
4.733052572441376338e-02
4.714788335135633446e-02
4.493705065871578253e-02
4.113616003226328033e-02
4.048007473917003551e-02
3.567921036739818419e-02
2.864486516738073973e-02
2.219241950356520832e-02
1.808156427113383202e-02
6.983965404616765404e-03
9.304455635898989385e-03
8.304742292180478103e-03
7.737977357924807897e-03
4.596026308366085722e-03
-6.859447712249777673e-03
-2.822940247821742465e-02
-4.821569072855186322e-02
-6.378273012582330592e-02
-8.257757417333255745e-02
-1.034578738378070240e-01
-9.973837467579088623e-02
-9.372842491515559482e-02
-9.017939465375668373e-02
-8.566466958665297504e-02
-7.064046329902418098e-02
-5.378292420026786758e-02
-3.437755694493332959e-02
-1.560663185919142215e-02
3.962385044734340056e-03
3.142684986056409890e-02
2.989407786143782886e-02
3.089098293167813480e-02
2.759184580249740559e-02
2.524703659433935599e-02
4.550107697714045329e-02
6.172136790491089542e-02
8.204516459798583128e-02
1.034488457790999627e-01
1.351692957387728988e-01
1.228607142052867696e-01
1.129300007244989912e-01
9.228070556404466274e-02
7.064545982732406415e-02
5.678165432244774991e-02
1.474630733526893778e-02
-1.477585047689977671e-02
-4.786794717503700669e-02
-8.105977595584223927e-02
-1.115837526027741444e-01
-1.338363851134114491e-01
-1.375276620421053142e-01
-1.462086319279547464e-01
-1.493027629614644969e-01
-1.519354623670947091e-01
-1.517074193857316788e-01
-1.474038022709845408e-01
-1.488035536187043983e-01
-1.500114214700259407e-01
-1.504975612109391570e-01
-1.419242670716029942e-01
-1.284033075216328701e-01
-1.153279909261423208e-01
-1.027207866153461713e-01
-9.051073689925726029e-02
-7.182519269782566829e-02
-5.635168626874509368e-02
-3.920857214111150846e-02
-1.844733912486951066e-02
2.108379654497838374e-03
1.192335696683888280e-02
1.405721023646666623e-02
2.002036179429078633e-02
2.007359428572896842e-02
2.586680689516773768e-02
1.903189210839784096e-02
1.289611802524825990e-02
1.623293854271734560e-03
-4.400914212564055461e-03
-1.138471634332821614e-02
-2.262707401740249313e-02
-2.866538096633763910e-02
-3.746984598519370602e-02
-4.326443137272850681e-02
-5.228803930843206604e-02
-6.026231752859201318e-02
-6.426463140240401550e-02
-6.936597727499366206e-02
-7.360993570975327138e-02
-7.803303012387974302e-02
-6.880048149484246922e-02
-6.190916976053972842e-02
-5.603663060594121781e-02
-4.831234825220076523e-02
-4.645008850621884511e-02
-3.304892892371569246e-02
-2.046156769970702838e-02
-1.047944897309271983e-02
4.919097600166955075e-03
1.741721547281782634e-02
3.672103265354165202e-02
3.593650846826290657e-02
4.900991275929789115e-02
4.252447968944994550e-02
5.331664654992973595e-02
4.937680848882530782e-02
4.962520732041930671e-02
5.589465914043967310e-02
5.491106014994950879e-02
4.982511314836945981e-02
1.966356868927798818e-02
1.311565501267519807e-02
6.013787420103389181e-03
-2.407649585477955601e-03
-1.021662061689898593e-02
-2.664072433745234836e-02
-4.338615679417473503e-02
-5.416052434809282001e-02
-6.966993808853261250e-02
-7.825949230974393878e-02
-9.068867911973016449e-02
-9.303504548359536885e-02
-9.433010054044344006e-02
-9.657213283855892172e-02
-9.652940645672658526e-02
-9.284605437067261491e-02
-8.891901292274345669e-02
-8.686665544016858309e-02
-8.342650404051393798e-02
-8.268457170870069373e-02
-8.435455786873397033e-02
-6.210978464515909403e-02
-5.875618308556845859e-02
-5.208006489020405860e-02
-5.694649633126136479e-02
-5.966384123518597704e-02
-5.977428177540117238e-02
-6.635955117541947335e-02
-6.536626906787101898e-02
-6.890712109046054357e-02
-6.519645354305581009e-02
-6.531275485423454485e-02
-6.563404601497663249e-02
-6.411743970901651046e-02
-5.531483189078351126e-02
-4.745887412296412311e-02
-4.162635948784143558e-02
-3.406661421966050707e-02
-2.568547728110093242e-02
-1.537647904358357964e-02
-1.844451275653485878e-02
-2.129572752559155679e-02
-2.413380612074866871e-02
-2.791886842092300425e-02
3.043961991476606954e-03
2.667003765397080173e-02
5.368168557586550094e-02
8.914742285226762153e-02
1.276994844054617495e-01
1.745405282301639716e-01
1.774163571458602373e-01
2.338632615280203941e-01
2.151868907559786326e-01
2.796465608511384815e-01
2.613768655256399898e-01
2.479900491308709709e-01
2.197278882594839722e-01
1.939979832262309634e-01
2.010407606400133051e-01
1.931133633979013053e-01
2.024698888282722153e-01
2.271152131532616636e-01
2.355669646250162508e-01
2.492253774284938217e-01
1.883050544148574534e-01
1.315688907230047056e-01
1.074242197402237586e-01
7.314691160276043380e-02
4.949762804483892609e-02
2.976344794753948975e-02
1.158909159256360510e-02
-1.800763473663280489e-02
-5.644201601816706271e-02
-7.137092862965965789e-02
-8.938142298056428459e-02
-1.223131613340706636e-01
-1.225352276060888701e-01
-1.372156420867078896e-01
-1.502430807863046058e-01
-1.639606036054060967e-01
-1.743401871480320109e-01
-1.725076485846838148e-01
-1.728729577912210824e-01
-1.748286787453425806e-01
-1.661264386833232187e-01
-1.562861648224200817e-01
-1.517452356403706792e-01
-1.378887437486041589e-01
-1.282368292282420330e-01
-1.183186640294967562e-01
-1.073379824503809532e-01
-7.031336540737670449e-02
-3.185992721953434526e-02
6.494670238624489222e-03
4.411655466237052181e-02
9.422951116452382703e-02
